3,2
3,1
3,3
10,168
10,170
10,236
10,186
10,28
10,2
9,7
9,4
9,6
9,2
9,3
8,18
8,8
8,13
8,10
76,6
76,5
76,4
76,3
76,2
76,1
76,0
71,8
71,7
71,6
71,5
71,4
71,3
71,2
71,1
71,0
56,3
56,1
41,3
41,1
40,3
40,1
37,8
37,7
37,6
37,5
37,4
37,3
37,2
37,1
37,0
29,3
29,1
20,3
20,2
20,1
19,3
19,2
19,1
17,3
17,2
17,1
16,3
16,2
16,1
15,3
15,2
15,1
14,2
13,2
12,3
12,2
12,1
11,30
11,28
11,26
11,24
11,23
11,22
11,21
11,20
11,19
11,18
11,17
11,16
11,15
11,14
11,13
11,12
11,11
11,10
11,9
11,8
18,1
11,7
11,5
11,4
11,3
11,2
18,3
11,1
10,314
10,313
10,312
14,1
10,307
10,306
14,3
13,1
10,296
13,3
10,288
10,284
10,277
10,268
10,256
10,254
10,235
10,224
10,218
10,216
10,203
